 ──────────────────────────────────────────────────────────────────────────────
                                       Time                   Allocations      
                               ──────────────────────   ───────────────────────
       Tot / % measured:            2.80s / 0.59%           35.1MiB / 0.14%    

 Section               ncalls     time   %tot     avg     alloc   %tot      avg
 ──────────────────────────────────────────────────────────────────────────────
 Main                       1   16.6ms   100%  16.6ms   50.7KiB  100%   50.7KiB
   CP loop                  1   1.87ms  11.3%  1.87ms   28.4KiB  56.1%  28.4KiB
     primal                51   69.6μs  0.42%  1.36μs   1.63KiB  3.20%    32.6B
       linesearch -1       51   18.4μs  0.11%   362ns     0.00B  0.00%    0.00B
     residual              51   62.9μs  0.38%  1.23μs     0.00B  0.00%    0.00B
     linesearch 2          51   22.9μs  0.14%   448ns     0.00B  0.00%    0.00B
     linesearch 4          51   19.8μs  0.12%   388ns     0.00B  0.00%    0.00B
     linesearch 3          51   16.6μs  0.10%   326ns     0.00B  0.00%    0.00B
     linesearch 1          51   16.4μs  0.10%   321ns     0.00B  0.00%    0.00B
   Init                     1    458μs  2.76%   458μs   12.3KiB  24.3%  12.3KiB
 ──────────────────────────────────────────────────────────────────────────────
 ────────────────────────────────────────────────────────────────────────
                                 Time                   Allocations      
                         ──────────────────────   ───────────────────────
    Tot / % measured:         2.85s / 0.58%           35.8MiB / 0.14%    

 Section         ncalls     time   %tot     avg     alloc   %tot      avg
 ────────────────────────────────────────────────────────────────────────
 Main                 1   16.6ms   100%  16.6ms   50.7KiB  100%   50.7KiB
 CP loop              1   1.87ms  11.3%  1.87ms   28.4KiB  56.1%  28.4KiB
 Init                 1    458μs  2.76%   458μs   12.3KiB  24.3%  12.3KiB
 primal              51   69.6μs  0.42%  1.36μs   1.63KiB  3.20%    32.6B
 residual            51   62.9μs  0.38%  1.23μs     0.00B  0.00%    0.00B
 linesearch 2        51   22.9μs  0.14%   448ns     0.00B  0.00%    0.00B
 linesearch 4        51   19.8μs  0.12%   388ns     0.00B  0.00%    0.00B
 linesearch -1       51   18.4μs  0.11%   362ns     0.00B  0.00%    0.00B
 linesearch 3        51   16.6μs  0.10%   326ns     0.00B  0.00%    0.00B
 linesearch 1        51   16.4μs  0.10%   321ns     0.00B  0.00%    0.00B
 ────────────────────────────────────────────────────────────────────────
