 ──────────────────────────────────────────────────────────────────────────────
                                       Time                   Allocations      
                               ──────────────────────   ───────────────────────
       Tot / % measured:            1.43s / 0.60%           35.2MiB / 0.16%    

 Section               ncalls     time   %tot     avg     alloc   %tot      avg
 ──────────────────────────────────────────────────────────────────────────────
 Main                       1   8.53ms   100%  8.53ms   58.0KiB  100%   58.0KiB
   CP loop                  1   2.66ms  31.2%  2.66ms   38.0KiB  65.5%  38.0KiB
     primal                51   60.5μs  0.71%  1.19μs   1.63KiB  2.80%    32.6B
       linesearch -1       51   28.8μs  0.34%   565ns     0.00B  0.00%    0.00B
     residual              51   52.9μs  0.62%  1.04μs   9.56KiB  16.5%     192B
     linesearch 2          51   15.8μs  0.19%   310ns     0.00B  0.00%    0.00B
     linesearch 4          51   14.2μs  0.17%   278ns     0.00B  0.00%    0.00B
     linesearch 1          51   10.5μs  0.12%   206ns     0.00B  0.00%    0.00B
     linesearch 3          51   9.36μs  0.11%   184ns     0.00B  0.00%    0.00B
   Init                     1   45.7μs  0.54%  45.7μs   11.9KiB  20.5%  11.9KiB
 ──────────────────────────────────────────────────────────────────────────────
 ────────────────────────────────────────────────────────────────────────
                                 Time                   Allocations      
                         ──────────────────────   ───────────────────────
    Tot / % measured:         1.45s / 0.59%           35.8MiB / 0.16%    

 Section         ncalls     time   %tot     avg     alloc   %tot      avg
 ────────────────────────────────────────────────────────────────────────
 Main                 1   8.53ms   100%  8.53ms   58.0KiB  100%   58.0KiB
 CP loop              1   2.66ms  31.2%  2.66ms   38.0KiB  65.5%  38.0KiB
 primal              51   60.5μs  0.71%  1.19μs   1.63KiB  2.80%    32.6B
 residual            51   52.9μs  0.62%  1.04μs   9.56KiB  16.5%     192B
 Init                 1   45.7μs  0.54%  45.7μs   11.9KiB  20.5%  11.9KiB
 linesearch -1       51   28.8μs  0.34%   565ns     0.00B  0.00%    0.00B
 linesearch 2        51   15.8μs  0.19%   310ns     0.00B  0.00%    0.00B
 linesearch 4        51   14.2μs  0.17%   278ns     0.00B  0.00%    0.00B
 linesearch 1        51   10.5μs  0.12%   206ns     0.00B  0.00%    0.00B
 linesearch 3        51   9.36μs  0.11%   184ns     0.00B  0.00%    0.00B
 ────────────────────────────────────────────────────────────────────────
