 ──────────────────────────────────────────────────────────────────────────────
                                       Time                   Allocations      
                               ──────────────────────   ───────────────────────
       Tot / % measured:            1.91s / 0.43%           35.2MiB / 0.16%    

 Section               ncalls     time   %tot     avg     alloc   %tot      avg
 ──────────────────────────────────────────────────────────────────────────────
 Main                       1   8.25ms   100%  8.25ms   56.4KiB  100%   56.4KiB
   CP loop                  1    749μs  9.08%   749μs   28.8KiB  51.0%  28.8KiB
     primal                51   62.2μs  0.75%  1.22μs   1.63KiB  2.88%    32.6B
       linesearch -1       51   15.5μs  0.19%   304ns     0.00B  0.00%    0.00B
     residual              51   56.9μs  0.69%  1.12μs     0.00B  0.00%    0.00B
     linesearch 2          51   21.4μs  0.26%   420ns     0.00B  0.00%    0.00B
     linesearch 4          51   19.0μs  0.23%   373ns     0.00B  0.00%    0.00B
     linesearch 3          51   14.6μs  0.18%   285ns     0.00B  0.00%    0.00B
     linesearch 1          51   14.5μs  0.18%   284ns     0.00B  0.00%    0.00B
   Init                     1   93.3μs  1.13%  93.3μs   16.8KiB  29.7%  16.8KiB
 ──────────────────────────────────────────────────────────────────────────────
 ────────────────────────────────────────────────────────────────────────
                                 Time                   Allocations      
                         ──────────────────────   ───────────────────────
    Tot / % measured:         1.93s / 0.43%           35.8MiB / 0.15%    

 Section         ncalls     time   %tot     avg     alloc   %tot      avg
 ────────────────────────────────────────────────────────────────────────
 Main                 1   8.25ms   100%  8.25ms   56.4KiB  100%   56.4KiB
 CP loop              1    749μs  9.08%   749μs   28.8KiB  51.0%  28.8KiB
 Init                 1   93.3μs  1.13%  93.3μs   16.8KiB  29.7%  16.8KiB
 primal              51   62.2μs  0.75%  1.22μs   1.63KiB  2.88%    32.6B
 residual            51   56.9μs  0.69%  1.12μs     0.00B  0.00%    0.00B
 linesearch 2        51   21.4μs  0.26%   420ns     0.00B  0.00%    0.00B
 linesearch 4        51   19.0μs  0.23%   373ns     0.00B  0.00%    0.00B
 linesearch -1       51   15.5μs  0.19%   304ns     0.00B  0.00%    0.00B
 linesearch 3        51   14.6μs  0.18%   285ns     0.00B  0.00%    0.00B
 linesearch 1        51   14.5μs  0.18%   284ns     0.00B  0.00%    0.00B
 ────────────────────────────────────────────────────────────────────────
