 ──────────────────────────────────────────────────────────────────────────────
                                       Time                   Allocations      
                               ──────────────────────   ───────────────────────
       Tot / % measured:            1.57s / 1.07%           35.0MiB / 0.16%    

 Section               ncalls     time   %tot     avg     alloc   %tot      avg
 ──────────────────────────────────────────────────────────────────────────────
 Main                       1   16.7ms   100%  16.7ms   58.0KiB  100%   58.0KiB
   CP loop                  1   2.28ms  13.6%  2.28ms   38.0KiB  65.5%  38.0KiB
     residual              51   95.1μs  0.57%  1.86μs   9.56KiB  16.5%        -
     primal                51   76.0μs  0.45%  1.49μs   1.63KiB  2.80%        -
       linesearch -1       51   14.0μs  0.08%   274ns         -  0.00%        -
     linesearch 2          51   14.2μs  0.08%   279ns         -  0.00%        -
     linesearch 4          51   14.0μs  0.08%   275ns         -  0.00%        -
     linesearch 3          51   12.9μs  0.08%   253ns         -  0.00%        -
     linesearch 1          51   10.2μs  0.06%   200ns         -  0.00%        -
   Init                     1   1.64ms  9.79%  1.64ms   11.9KiB  20.5%  11.9KiB
 ──────────────────────────────────────────────────────────────────────────────
 ────────────────────────────────────────────────────────────────────────
                                 Time                   Allocations      
                         ──────────────────────   ───────────────────────
    Tot / % measured:         1.59s / 1.05%           35.6MiB / 0.16%    

 Section         ncalls     time   %tot     avg     alloc   %tot      avg
 ────────────────────────────────────────────────────────────────────────
 Main                 1   16.7ms   100%  16.7ms   58.0KiB  100%   58.0KiB
 CP loop              1   2.28ms  13.6%  2.28ms   38.0KiB  65.5%  38.0KiB
 Init                 1   1.64ms  9.79%  1.64ms   11.9KiB  20.5%  11.9KiB
 residual            51   95.1μs  0.57%  1.86μs   9.56KiB  16.5%        -
 primal              51   76.0μs  0.45%  1.49μs   1.63KiB  2.80%        -
 linesearch 2        51   14.2μs  0.08%   279ns         -  0.00%        -
 linesearch 4        51   14.0μs  0.08%   275ns         -  0.00%        -
 linesearch -1       51   14.0μs  0.08%   274ns         -  0.00%        -
 linesearch 3        51   12.9μs  0.08%   253ns         -  0.00%        -
 linesearch 1        51   10.2μs  0.06%   200ns         -  0.00%        -
 ────────────────────────────────────────────────────────────────────────
