 ──────────────────────────────────────────────────────────────────────────────
                                       Time                   Allocations      
                               ──────────────────────   ───────────────────────
       Tot / % measured:            1.84s / 0.26%           35.1MiB / 0.14%    

 Section               ncalls     time   %tot     avg     alloc   %tot      avg
 ──────────────────────────────────────────────────────────────────────────────
 Main                       1   4.86ms   100%  4.86ms   49.7KiB  100%   49.7KiB
   CP loop                  1    805μs  16.6%   805μs   28.4KiB  57.2%  28.4KiB
     primal                51    138μs  2.85%  2.71μs   1.63KiB  3.27%    32.6B
       linesearch -1       51   22.3μs  0.46%   437ns     0.00B  0.00%    0.00B
     residual              51   74.6μs  1.53%  1.46μs     0.00B  0.00%    0.00B
     linesearch 2          51   30.3μs  0.62%   594ns     0.00B  0.00%    0.00B
     linesearch 4          51   13.6μs  0.28%   267ns     0.00B  0.00%    0.00B
     linesearch 1          51   11.6μs  0.24%   227ns     0.00B  0.00%    0.00B
     linesearch 3          51   11.0μs  0.23%   215ns     0.00B  0.00%    0.00B
   Init                     1   70.6μs  1.45%  70.6μs   13.0KiB  26.2%  13.0KiB
 ──────────────────────────────────────────────────────────────────────────────
 ────────────────────────────────────────────────────────────────────────
                                 Time                   Allocations      
                         ──────────────────────   ───────────────────────
    Tot / % measured:         1.86s / 0.26%           35.8MiB / 0.14%    

 Section         ncalls     time   %tot     avg     alloc   %tot      avg
 ────────────────────────────────────────────────────────────────────────
 Main                 1   4.86ms   100%  4.86ms   49.7KiB  100%   49.7KiB
 CP loop              1    805μs  16.6%   805μs   28.4KiB  57.2%  28.4KiB
 primal              51    138μs  2.85%  2.71μs   1.63KiB  3.27%    32.6B
 residual            51   74.6μs  1.53%  1.46μs     0.00B  0.00%    0.00B
 Init                 1   70.6μs  1.45%  70.6μs   13.0KiB  26.2%  13.0KiB
 linesearch 2        51   30.3μs  0.62%   594ns     0.00B  0.00%    0.00B
 linesearch -1       51   22.3μs  0.46%   437ns     0.00B  0.00%    0.00B
 linesearch 4        51   13.6μs  0.28%   267ns     0.00B  0.00%    0.00B
 linesearch 1        51   11.6μs  0.24%   227ns     0.00B  0.00%    0.00B
 linesearch 3        51   11.0μs  0.23%   215ns     0.00B  0.00%    0.00B
 ────────────────────────────────────────────────────────────────────────
